cameras:
- T_B_C:
    cols: 4
    data: [0.007979925359251867, 0.003003125230055542, 0.9999636503544106, 0.11288704273787999,
      -0.9999662131074455, 0.001997198222903808, 0.00797394775617333, -0.006478859551879552,
      -0.001973178861766506, -0.999993496197908, 0.003018961256532403, -0.0019080867650882614,
      0.0, 0.0, 0.0, 1.0]
    rows: 4
  calib_date: 0
  camera:
    distortion:
      parameters:
        cols: 1
        data: [0.3115540021718598, -0.07709813884043704, 0.8055029360061925, -0.5940163482311143]
        rows: 4
      type: equidistant
    image_height: 720
    image_width: 1280
    intrinsics:
      cols: 1
      data: [496.5655943985489, 497.1627246795105, 641.2033870438315, 355.3483906278681]
      rows: 4
    label: cam0
    line-delay-nanoseconds: 0
    type: pinhole
  description: /zed2/zed_node/left/image_rect_gray
  serial_no: 0
- T_B_C:
    cols: 4
    data: [0.006411692439700224, 0.002517923872019557, 0.9999762748482751, 0.11396839280434704,
      -0.9999775163543113, 0.0019800996555567755, 0.006406714541561988, -0.12647481219011714,
      -0.001963921057906616, -0.999994869619204, 0.0025305630499028323, -0.002116157607427265,
      0.0, 0.0, 0.0, 1.0]
    rows: 4
  calib_date: 0
  camera:
    distortion:
      parameters:
        cols: 1
        data: [0.34963873943583057, -0.26702292793872423, 1.1268512980470948, -0.7586956080151437]
        rows: 4
      type: equidistant
    image_height: 720
    image_width: 1280
    intrinsics:
      cols: 1
      data: [495.49552875190255, 496.1133776197671, 641.861451447884, 355.49854261913066]
      rows: 4
    label: cam1
    line-delay-nanoseconds: 0
    type: pinhole
  description: /zed2/zed_node/right/image_rect_gray
  serial_no: 0
label: camchain-imucam-paperC0.yaml

imu_params:
  acc_max: 176.0
  delay_imu_cam: 0.0
  g: 9.8082
  imu_rate: 400
  max_imu_delta_t: 0.01
  omega_max: 7.8
  sigma_acc_bias_c: 0.0002508999896235764
  sigma_acc_c: 0.0015999999595806003
  sigma_integration: 0.0
  sigma_omega_bias_c: 0.0019474000437185168
  sigma_omega_c: 0.007000000216066837

imu_initialization:
  acc_bias: [0.0, 0.0, 0.0]
  acc_bias_sigma: 0.0015999999595806003
  omega_bias: [0.0, 0.0, 0.0]
  omega_bias_sigma: 0.007000000216066837
  velocity: [0.0, 0.0, 0.0]
  velocity_sigma: 1.0
